=== SHEET '计划购电量' rows=335 cols=147
('日期\\时间', '00:00-00:10', '00:10-00:20', '00:20-00:30', '00:30-00:40', '00:40-00:50', '00:50-01:00', '01:00-01:10', '01:10-01:20', '01:20-01:30', '01:30-01:40', '01:40-01:50', '01:50-02:00', '02:00-02:10', '02:10-02:20', '02:20-02:30', '02:30-02:40', '02:40-02:50', '02:50-03:00', '03:00-03:10', '03:10-03:20', '03:20-03:30', '03:30-03:40', '03:40-03:50', '03:50-04:00', '04:00-04:10', '04:10-04:20', '04:20-04:30', '04:30-04:40', '04:40-04:50', '04:50-05:00', '05:00-05:10', '05:10-05:20', '05:20-05:30', '05:30-05:40', '05:40-05:50', '05:50-06:00', '06:00-06:10', '06:10-06:20', '06:20-06:30', '06:30-06:40', '06:40-06:50', '06:50-07:00', '07:00-07:10', '07:10-07:20', '07:20-07:30', '07:30-07:40', '07:40-07:50', '07:50-08:00', '08:00-08:10', '08:10-08:20', '08:20-08:30', '08:30-08:40', '08:40-08:50', '08:50-09:00', '09:00-09:10', '09:10-09:20', '09:20-09:30', '09:30-09:40', '09:40-09:50', '09:50-10:00', '10:00-10:10', '10:10-10:20', '10:20-10:30', '10:30-10:40', '10:40-10:50', '10:50-11:00', '11:00-11:10', '11:10-11:20', '11:20-11:30', '11:30-11:40', '11:40-11:50', '11:50-12:00', '12:00-12:10', '12:10-12:20', '12:20-12:30', '12:30-12:40', '12:40-12:50', '12:50-13:00', '13:00-13:10', '13:10-13:20', '13:20-13:30', '13:30-13:40', '13:40-13:50', '13:50-14:00', '14:00-14:10', '14:10-14:20', '14:20-14:30', '14:30-14:40', '14:40-14:50', '14:50-15:00', '15:00-15:10', '15:10-15:20', '15:20-15:30', '15:30-15:40', '15:40-15:50', '15:50-16:00', '16:00-16:10', '16:10-16:20', '16:20-16:30', '16:30-16:40', '16:40-16:50', '16:50-17:00', '17:00-17:10', '17:10-17:20', '17:20-17:30', '17:30-17:40', '17:40-17:50', '17:50-18:00', '18:00-18:10', '18:10-18:20', '18:20-18:30', '18:30-18:40', '18:40-18:50', '18:50-19:00', '19:00-19:10', '19:10-19:20', '19:20-19:30', '19:30-19:40', '19:40-19:50', '19:50-20:00', '20:00-20:10', '20:10-20:20', '20:20-20:30', '20:30-20:40', '20:40-20:50', '20:50-21:00', '21:00-21:10', '21:10-21:20', '21:20-21:30', '21:30-21:40', '21:40-21:50', '21:50-22:00', '22:00-22:10', '22:10-22:20', '22:20-22:30', '22:30-22:40', '22:40-22:50', '22:50-23:00', '23:00-23:10', '23:10-23:20', '23:20-23:30', '23:30-23:40', '23:40-23:50', '23:50-0:00+1', '全天购电量', '全天购电费')
(datetime.datetime(2025, 2, 1, 0, 0), 1301.47, 1296.62, 1301.2, 1337.76, 1343.78, 510.78, 513.18, 498.13, 829.03, 510.02, 516.77, 539.17, 531.09, 547.45, 536.84, 510.55, 526.01, 537.62, 547.66, 538.63, 545.17, 526.97, 547.88, 558.12, 553.61, 554.75, 572.08, 578.2, 579.91, 569.77, 545.72, 565.33, 585.99, 1449.52, 591.49, 0, 0, 0, 0, 0, 0, 0, 0, 0, 0, 0, 0, 0, 0, 0, 0, 0, 0, 0, 0, 0, 0, 0, 0, 0, 0, 0, 0, 0, 0, 0, 306.37, 0, 0, 0, 562.3, 504.32, 559.94, 549.43, 493.98, 516.29, 0, 0, 0, 0, 0, 0, 0, 0, 0, 0, 0, 0, 0, 0, 44.17, 95.33, 98.43, 146.27, 209.72, 258.51, 276.36, 323.17, 429.2, 455.61, 437.82, 425.09, 455.12, 478.71, 467.66, 463.47, 467.93, 0, 0, 0, 0, 0, 0, 0, 0, 0, 0, 0, 0, 0, 0, 0, 0, 0, 196.8, 541.03, 526.82, 492.35, 469.64, 502.79, 506.07, 1296.84, 1257.94, 433.2, 1304.02, 1284.69, 438.33, 1274.61, 410.53, 430.35, 1295, 801.04, 506.73, 597.9, 47690.16, 24782.84)
(datetime.datetime(2025, 2, 2, 0, 0), 1450.17, 1454.12, 1446.54, 1441.23, 1459, 671.81, 659.12, 646.97, 997.04, 630.3, 618.12, 679.17, 698.02, 720.17, 704.42, 669.18, 655, 636.64, 663.99, 702.14, 717.56, 703.56, 699.24, 727.67, 733.09, 723.46, 728.92, 753.65, 742.71, 700.24, 724.66, 754.65, 729.08, 1585.35, 828.51, 933.62, 248.96, 923.95, 933.95, 904.52, 898.31, 906.38, 869.55, 817.45, 798.84, 1508.09, 730.65, 179.32, 112.43, 50.29, 42.2, 16.86, 0, 0, 0, 0, 0, 459.04, 0, 0, 0, 0, 20.16, 0, 231.44, 989.53, 1025.27, 1051.2, 995.94, 962.96, 947.4, 930.1, 975.83, 957.72, 910.86, 915.3, 930.57, 134.85, 112.09, 123.75, 167.65, 218.63, 27.24, 0, 0, 0, 0, 0, 0, 1285.48, 1328, 1394.24, 1465.08, 668.2, 701.06, 745.53, 777.99, 803.75, 869.17, 914.21, 968.75, 1015.96, 1028.85, 1049.07, 1083.05, 1095.08, 948.36, 750.58, 734.33, 763.28, 747.3, 794.18, 323.71, 21.07, 0, 0, 0, 31.21, 17.04, 0, 7.46, 2.57, 6.13, 18.05, 759.54, 751.41, 751.38, 752.6, 734.2, 755.2, 707.45, 1438.67, 1407.7, 577.82, 1426.65, 1424.78, 608.28, 1448.41, 586.85, 614.94, 1490.76, 946.71, 614.56, 644.87, 94219.91, 59831.54)
(datetime.datetime(2025, 2, 3, 0, 0), 1433.08, 1427.74, 1450.02, 1438.75, 1439.33, 647.28, 639.93, 636.96, 1010.11, 673.96, 663.4, 679.99, 659.79, 663.23, 670.19, 705.51, 733.52, 729.27, 679.75, 665.29, 655.54, 675.61, 711.58, 743.78, 720.81, 726.37, 769.67, 740.57, 730.58, 731.33, 707.43, 730.65, 737.89, 1565.86, 793.51, 925.58, 261.63, 952.06, 966.13, 916.01, 897.75, 908.22, 853.41, 781.63, 753, 1480.53, 711.71, 152.75, 86.81, 8.62, 0, 0, 0, 0, 0, 0, 0, 111.89, 0, 0, 0, 0, 0, 0, 168.32, 973.09, 1014.25, 1035.47, 983.68, 937.39, 896.01, 865.2, 930.26, 919.7, 868.85, 900.63, 944.11, 161.6, 142.44, 108.05, 99.45, 184.12, 82.27, 0, 0, 0, 0, 0, 0, 1326.06, 1308.16, 1350.4, 1453.68, 677.58, 717.34, 765.98, 777.76, 783.03, 827.89, 878.14, 925.94, 983.8, 995.2, 1026.28, 1071.06, 1091.16, 961.73, 773.53, 724.94, 738.15, 728.28, 751.06, 298.36, 0, 0, 3.99, 26.93, 39.89, 19.53, 0, 8.58, 0, 0, 0, 734.96, 736.32, 759.73, 774.96, 771.45, 798.62, 736.32, 1451.24, 1412.49, 600.91, 1438.65, 1429.17, 595.48, 1425.43, 592.85, 619.01, 1488.77, 986.75, 628.03, 599.74, 92986.24, 58805.82)
(datetime.datetime(2025, 2, 4, 0, 0), 1462.89, 1474.29, 1432.87, 1445.73, 1479.47, 688.79, 693.63, 682.61, 1018.25, 653.16, 671.26, 722.62, 647.24, 652.16, 703.89, 684.93, 700.76, 752.69, 698.39, 692.66, 726.76, 709.53, 684.11, 684.55, 710.29, 747.75, 777.55, 745.14, 713.8, 699.05, 727.57, 791.67, 776.32, 1543.64, 749.3, 911.44, 268.67, 919.5, 895.27, 913.09, 903.06, 856.62, 834.73, 792.5, 749.01, 1471.91, 712.88, 160.01, 78.07, 0, 0, 0, 0, 0, 0, 0, 0, 44.98, 0, 0, 0, 0, 0, 0, 198.46, 989.19, 1018.6, 1011.68, 958.94, 997.98, 966.1, 862.97, 929.91, 952.56, 913.33, 932.11, 965.32, 181.11, 158.76, 153.97, 190.98, 182, 0, 0, 0, 0, 0, 0, 0, 1279.59, 1305.44, 1360.52, 1280.71, 688.53, 727.53, 706.05, 728.44, 774.58, 871.99, 910.71, 938.91, 985.59, 1019.9, 1046.22, 1075.54, 1115.04, 980.68, 766.6, 725.08, 756.31, 747.85, 747.35, 328.78, 18.25, 0, 0, 20.18, 0, 13.11, 23.14, 8.33, 2.28, 37.07, 0, 728.26, 748.83, 746.28, 742.99, 729.14, 785.93, 741.58, 1436.86, 1368.01, 528.25, 1379.48, 1419.64, 624.54, 1455.88, 595.08, 603.99, 1471.04, 958.12, 627.64, 616.89, 93119.74, 58812.93)
(datetime.datetime(2025, 2, 5, 0, 0), 1423.36, 1440.62, 1484.66, 1468.14, 1465.35, 659.66, 641.81, 635.44, 1004.4, 642.89, 625.05, 645.77, 658.09, 694.36, 695.48, 660.73, 684.41, 742.62, 686.94, 669.3, 688.14, 669.84, 677.06, 717.28, 733.86, 715.54, 724.59, 718.59, 724.01, 711.48, 703.51, 745.41, 751.98, 1570.33, 810.84, 948.81, 222.96, 858.5, 892.63, 942.46, 924.97, 844.93, 786.36, 751.26, 751.91, 1477, 707.68, 159.87, 107.49, 15.84, 0, 0, 0, 0, 0, 0, 0, 231.52, 0, 0, 0, 0, 0, 0, 216.51, 1038.74, 1044.89, 1021.9, 972.93, 991.76, 964.4, 878.55, 909.09, 894.6, 867.6, 944.74, 1004.36, 211.66, 208.67, 208.64, 241.5, 208.65, 0, 0, 0, 0, 0, 0, 0, 1308.6, 1331.51, 1389.86, 1298.94, 633.69, 654.81, 686.8, 733.13, 787.3, 871.78, 854.9, 896.12, 999.67, 1038.12, 1034.98, 1034.7, 1048.62, 935.5, 763.71, 710.92, 724.14, 730.68, 763.4, 135.38, 0, 0, 8.37, 34.42, 0, 0, 0, 0, 0, 0, 0, 743.19, 753.4, 717.34, 732.57, 764.24, 808.25, 769.85, 1498.57, 1439.02, 570.78, 1392.2, 1398.69, 593.37, 1442.77, 588.27, 584.25, 1438.6, 938.35, 621.67, 611.4, 92561.76, 58371.79)
(datetime.datetime(2025, 2, 6, 0, 0), 1415.98, 1414.25, 1453.3, 1484.22, 1498.82, 671.56, 660.25, 651.8, 1001.26, 661.56, 657.87, 667.06, 670.81, 690.51, 671.53, 633.69, 679.35, 760.86, 696.43, 677.96, 710.85, 688.79, 688.96, 721.81, 720.34, 702.54, 735.95, 749.32, 710.65, 649.98, 694.99, 752.52, 722.81, 1559.58, 814.01, 932.53, 260.29, 936.95, 930.73, 912.48, 879.25, 833.11, 805.64, 758.94, 715.78, 1489.92, 710.81, 100.52, 73.14, 20.06, 0, 0, 0, 0, 0, 0, 0, 461.15, 0, 0, 0, 0, 29.73, 0, 218.69, 1035.25, 1052.14, 1055.22, 1025.75, 1043.81, 1018.24, 949.84, 960.55, 959.77, 952.12, 953.69, 960.76, 190.43, 219.56, 218.57, 226.21, 191.43, 150.57, 0, 0, 0, 0, 0, 0, 1316.99, 1338.35, 1373.2, 1404.44, 641.4, 659.1, 663.68, 779.37, 825.86, 839.37, 879.55, 938.79, 985.01, 1031.17, 1057.03, 1063.43, 1074.87, 947.42, 756.78, 720.5, 765.63, 783.51, 781.87, 349.23, 0, 1.54, 22.56, 51.68, 26.03, 15.07, 0, 0, 0, 14.8, 0, 741.69, 738.74, 713.98, 716.48, 744.89, 797.81, 749.56, 1470.01, 1419.36, 574.1, 1409.99, 1417.16, 580.69, 1402.91, 584.95, 610.62, 1459.89, 947.81, 565.65, 475.46, 93805.75, 59508.06)
(datetime.datetime(2025, 2, 7, 0, 0), 1289.84, 1339.64, 1355.83, 1307.99, 1293.62, 472.82, 478.56, 449.99, 808.62, 511.44, 516.32, 489.11, 467.09, 497.4, 508.23, 515.17, 538.75, 591.11, 582.99, 567.24, 535.98, 510.61, 523.5, 566.14, 598.96, 568.04, 543.45, 536.16, 540.4, 520.35, 532.53, 585.88, 605.76, 1390.72, 550.42, 0, 0, 0, 0, 0, 0, 0, 0, 0, 0, 0, 0, 0, 0, 0, 0, 0, 0, 0, 0, 0, 0, 0, 0, 0, 0, 0, 0, 0, 0, 0, 559.69, 0, 0, 427.87, 567.44, 512.63, 605.04, 586.24, 472.18, 494.28, 0, 0, 0, 0, 0, 0, 0, 0, 0, 0, 0, 0, 0, 27.99, 84.06, 129.91, 126.32, 156.96, 179.78, 200.74, 276.79, 355.24, 446.33, 444.27, 427.11, 425.28, 439.4, 486.34, 508.64, 456.52, 361.57, 0, 0, 0, 0, 0, 0, 0, 0, 0, 0, 0, 0, 0, 0, 0, 0, 0, 0, 422.14, 454.39, 531.55, 537.44, 497.54, 466.8, 1286.57, 1247.28, 403.22, 1257.07, 1241.62, 410.62, 1254.44, 421.55, 420.04, 1272.53, 780.08, 456.55, 437.29, 47247.99, 24374.46)
=== SHEET '充放电量' rows=2005 cols=6
('日期', '时间段', '充电量', '放电量', '时刻', '储电量')
('2025-02-01', '0:00-4:00', 5333.33, 0, '00:00', 6000)
(None, '4:00-8:00', 0, 6775.28, '24:00', 6000)
(None, '8:00-12:00', 6000.41, 753.03, None, None)
(None, '12:00-16:00', 2418.65, 110.1, None, None)
(None, '16:00-20:00', 68.06, 6408.72, None, None)
(None, '20:00-24:00', 5728.58, 3547, None, None)
('2025-02-02', '0:00-4:00', 5397.87, 58.08, '00:00', 6000)
=== SHEET '紧急购电量' rows=480 cols=3
('日期', '购电时间段', '购电量')
('2025-02-01', None, None)
('2025-02-02', None, None)
('2025-02-03', None, None)
('2025-02-04', None, None)
('2025-02-05', None, None)
('2025-02-06', '07:50-08:10', 47.77)
('2025-02-07', None, None)
